254 0 1 0 24.9210 0.0000
254 0 1 0 14.9000 0.0000
278 1 0 0 21.5030 0.2572
14 1 0 0 16.9150 0.3571
228 1 0 0 18.7280 0.3352
282 0 1 0 14.9720 0.0000
282 0 1 0 13.3050 0.0000
282 0 1 0 15.6940 0.0000
282 0 1 0 12.5770 0.0000
282 0 1 0 16.8940 0.0000
282 0 1 0 9.8510 0.0000
282 0 1 0 17.2090 0.0000
282 0 1 0 16.9220 0.0000
282 0 1 0 12.1760 0.0000
282 0 1 0 12.3130 0.0000
282 0 1 0 19.3530 0.0000
282 0 1 0 11.8650 0.0000
282 0 1 0 12.5590 0.0000
282 0 1 0 12.3590 0.0000
282 0 1 0 15.8170 0.0000
282 0 1 0 15.4910 0.0000
282 0 1 0 15.9860 0.0000
282 0 1 0 14.4180 0.0000
282 0 0 1 100.0650 0.0000
282 0 1 0 13.3570 0.0000
282 0 1 0 56.8110 0.0000
282 0 1 0 17.5570 0.0000
282 0 1 0 14.3910 0.0000
282 0 1 0 14.2400 0.0000
282 0 1 0 17.8560 0.0000
282 0 1 0 18.5220 0.0000
282 1 0 0 36.0820 0.1692
282 0 1 0 14.7200 0.0000
282 0 1 0 17.1700 0.0000
282 0 1 0 18.8840 0.0000
282 0 1 0 26.7220 0.0000
282 0 1 0 22.4640 0.0000
282 1 0 0 44.5970 0.1369
254 0 1 0 7.7870 0.0000
254 0 1 0 23.4750 0.0000
254 0 1 0 3.7330 0.0000
254 0 1 0 7.9400 0.0000
254 0 1 0 11.5900 0.0000
254 0 1 0 55.6410 0.0000
282 0 1 0 7.5040 0.0000
48 1 0 0 12.1520 0.4625
48 1 0 0 12.1810 0.4614
163 0 1 0 7.9010 0.0000
163 0 1 0 9.7210 0.0000
163 0 1 0 8.1380 0.0000
250 0 1 0 11.7270 0.0000
14 0 1 0 6.1880 0.0000
14 0 1 0 7.2620 0.0000
14 1 0 0 16.6370 0.3630
254 1 0 0 31.6900 0.1844
254 0 1 0 3.7320 0.0000
254 0 1 0 4.4950 0.0000
250 1 0 0 16.5160 0.3184
114 0 1 0 6.5750 0.0000
114 0 1 0 6.4940 0.0000
250 1 0 0 16.7270 0.3144
200 1 0 0 16.6010 0.3217
200 1 0 0 19.7050 0.2710
250 1 0 0 18.6820 0.2815
250 1 0 0 17.1040 0.3075
195 1 0 0 38.0320 0.1443
250 1 0 0 20.5460 0.2560
250 1 0 0 16.5040 0.3187
250 1 0 0 16.7650 0.3137
14 1 0 0 17.6480 0.3422
14 1 0 0 17.6130 0.3429
250 1 0 0 31.8820 0.1650
250 1 0 0 17.9340 0.2932
250 1 0 0 24.6550 0.2133
250 1 0 0 23.7570 0.2214
250 0 1 0 10.8320 0.0000
250 1 0 0 21.6980 0.2424
250 1 0 0 29.1010 0.1807
250 1 0 0 20.5030 0.2565
282 0 1 0 14.6340 0.0000
282 0 1 0 21.8710 0.0000
282 0 1 0 25.3900 0.0000
282 0 1 0 5.5640 0.0000
282 0 1 0 3.9730 0.0000
282 0 1 0 29.9610 0.0000
282 0 1 0 15.9750 0.0000
282 0 1 0 3.7690 0.0000
282 0 1 0 9.8660 0.0000
282 1 0 0 36.1880 0.1687
282 1 0 0 31.6680 0.1928
282 0 1 0 22.2690 0.0000
282 0 1 0 26.8240 0.0000
282 1 0 0 38.2080 0.1598
282 1 0 0 39.1320 0.1560
282 1 0 0 34.0590 0.1793
282 0 1 0 22.5370 0.0000
282 0 1 0 14.7170 0.0000
282 1 0 0 49.5410 0.1250
282 1 0 0 55.7360 0.1250
282 1 0 0 39.5700 0.1543
282 1 0 0 34.5150 0.1769
282 1 0 0 36.7500 0.1662
282 0 1 0 29.1030 0.0000
282 1 0 0 38.0040 0.1607
282 1 0 0 30.8410 0.1980
282 0 1 0 26.3100 0.0000
282 1 0 0 66.1700 0.1250
282 1 0 0 33.7660 0.1808
254 1 0 0 54.0300 0.1250
254 1 0 0 77.9290 0.1250
282 0 0 1 100.1050 0.0000
282 1 0 0 36.7860 0.1660
282 1 0 0 30.4890 0.2003
282 0 1 0 5.6590 0.0000
282 0 1 0 11.4980 0.0000
282 0 1 0 10.2670 0.0000
282 1 0 0 28.2020 0.2165
254 1 0 0 28.9540 0.2018
254 1 0 0 45.1570 0.1294
282 1 0 0 46.5540 0.1312
282 1 0 0 35.0550 0.1742
282 0 1 0 16.5380 0.0000
282 1 0 0 66.9940 0.1250
282 0 1 0 20.5030 0.0000
282 0 1 0 14.8540 0.0000
282 0 1 0 47.5730 0.0000
282 0 1 0 19.2700 0.0000
282 0 1 0 10.3030 0.0000
282 0 1 0 16.0300 0.0000
282 0 1 0 10.5730 0.0000
282 0 1 0 14.5180 0.0000
282 0 1 0 32.0840 0.0000
282 0 1 0 13.0510 0.0000
282 0 1 0 14.6090 0.0000
282 0 1 0 16.4640 0.0000
282 0 1 0 8.1230 0.0000
282 0 1 0 52.8590 0.0000
282 0 1 0 7.8960 0.0000
254 0 1 0 47.1660 0.0000
254 0 1 0 42.8190 0.0000
254 1 0 0 29.2460 0.1998
282 0 1 0 34.6960 0.0000
282 0 1 0 10.8800 0.0000
282 1 0 0 33.3220 0.1833
282 1 0 0 42.8550 0.1425
114 1 0 0 20.3550 0.3062
254 0 1 0 12.5120 0.0000
254 1 0 0 36.9990 0.1579
254 0 1 0 3.6160 0.0000
254 0 1 0 21.9200 0.0000
254 1 0 0 30.4590 0.1918
163 0 1 0 13.5740 0.0000
163 0 1 0 13.0580 0.0000
163 0 1 0 20.7970 0.0000
163 1 0 0 35.2480 0.1637
163 1 0 0 37.4480 0.1541
114 1 0 0 27.6300 0.2256
250 0 1 0 19.4510 0.0000
250 1 0 0 36.3420 0.1447
250 0 1 0 12.6930 0.0000
250 0 1 0 15.4490 0.0000
250 0 1 0 12.3760 0.0000
250 0 1 0 9.7040 0.0000
250 0 1 0 21.0920 0.0000
250 1 0 0 30.2240 0.1740
250 1 0 0 28.6340 0.1837
254 1 0 0 59.6070 0.1250
254 0 1 0 28.6630 0.0000
254 1 0 0 53.5250 0.1250
254 1 0 0 78.7640 0.1250
282 1 0 0 39.0430 0.1564
282 0 1 0 12.8370 0.0000
282 1 0 0 47.5690 0.1284
282 0 1 0 19.2920 0.0000
282 1 0 0 36.7420 0.1662
114 1 0 0 23.9310 0.2604
114 1 0 0 36.3150 0.1716
114 0 1 0 43.5690 0.0000
114 1 0 0 27.9120 0.2233
282 1 0 0 32.9290 0.1854
254 1 0 0 52.3550 0.1250
254 0 1 0 5.3640 0.0000
254 0 1 0 13.0350 0.0000
254 1 0 0 41.7410 0.1400
254 1 0 0 33.8870 0.1724
254 0 1 0 28.2850 0.0000
254 1 0 0 24.6890 0.2367
282 0 1 0 46.3320 0.0000
282 0 1 0 11.7550 0.0000
282 0 1 0 14.1810 0.0000
282 1 0 0 45.0710 0.1355
282 1 0 0 67.0730 0.1250
282 0 1 0 19.0670 0.0000
282 0 1 0 21.3270 0.0000
282 1 0 0 32.0560 0.1905
114 0 1 0 29.5950 0.0000
114 0 1 0 22.4980 0.0000
114 0 1 0 11.6400 0.0000
114 1 0 0 38.9390 0.1600
282 0 1 0 20.4650 0.0000
282 0 1 0 18.6060 0.0000
282 1 0 0 59.9490 0.1250
114 1 0 0 30.6420 0.2034
114 0 1 0 43.8120 0.0000
114 0 1 0 41.6040 0.0000
114 1 0 0 88.2180 0.1250
114 0 1 0 9.9830 0.0000
114 0 1 0 63.1380 0.0000
114 0 1 0 20.6720 0.0000
114 1 0 0 45.1830 0.1379
114 1 0 0 31.1190 0.2003
282 1 0 0 78.2390 0.1250
282 1 0 0 39.1570 0.1559
282 0 1 0 56.7340 0.0000
282 1 0 0 39.6260 0.1541
250 0 1 0 25.3480 0.0000
250 1 0 0 19.3630 0.2716
282 0 1 0 10.9850 0.0000
282 0 1 0 52.9350 0.0000
282 0 1 0 59.2580 0.0000
114 0 1 0 23.3470 0.0000
114 0 1 0 7.0160 0.0000
114 0 1 0 9.4560 0.0000
114 1 0 0 23.6990 0.2630
250 0 1 0 29.5810 0.0000
250 0 1 0 5.5240 0.0000
114 1 0 0 22.2560 0.2800
250 0 1 0 15.3240 0.0000
250 1 0 0 18.2030 0.2889
114 0 1 0 10.4600 0.0000
250 1 0 0 26.2140 0.2006
250 1 0 0 27.2070 0.1933
250 0 1 0 16.4310 0.0000
250 1 0 0 31.8920 0.1649
114 1 0 0 27.3270 0.2281
282 1 0 0 38.6360 0.1581
282 1 0 0 42.2450 0.1445
250 1 0 0 24.4270 0.2153
250 0 1 0 11.6060 0.0000
282 0 1 0 13.6360 0.0000
282 0 1 0 14.7040 0.0000
282 0 1 0 24.4010 0.0000
282 0 1 0 20.2430 0.0000
282 0 1 0 7.5600 0.0000
282 1 0 0 25.5700 0.2388
250 0 1 0 10.9580 0.0000
250 1 0 0 19.7260 0.2666
250 0 1 0 9.7210 0.0000
250 1 0 0 18.3990 0.2858
250 1 0 0 20.0990 0.2617
282 0 1 0 10.3920 0.0000
282 0 1 0 11.3200 0.0000
282 0 1 0 12.5470 0.0000
282 0 1 0 16.4540 0.0000
282 0 1 0 10.7890 0.0000
282 1 0 0 30.3370 0.2013
282 0 1 0 8.7980 0.0000
282 0 1 0 11.9930 0.0000
282 0 1 0 15.4940 0.0000
282 0 1 0 14.6360 0.0000
282 1 0 0 28.7680 0.2123
114 1 0 0 17.7530 0.3510
254 0 1 0 4.4970 0.0000
254 0 1 0 18.1730 0.0000
254 0 1 0 20.8390 0.0000
254 0 1 0 14.5330 0.0000
254 0 1 0 4.1730 0.0000
254 0 1 0 5.3590 0.0000
114 1 0 0 17.4670 0.3568
163 1 0 0 27.5770 0.2093
282 1 0 0 26.7920 0.2279
282 1 0 0 27.1920 0.2246
282 1 0 0 26.9460 0.2266
254 0 1 0 8.1230 0.0000
254 0 1 0 15.9020 0.0000
254 0 1 0 14.6640 0.0000
254 0 1 0 6.4990 0.0000
254 0 1 0 16.4360 0.0000
254 0 1 0 14.3360 0.0000
254 1 0 0 39.7440 0.1470
254 0 1 0 11.0090 0.0000
254 0 1 0 20.0400 0.0000
254 0 1 0 7.5640 0.0000
254 0 1 0 9.4280 0.0000
254 1 0 0 22.2860 0.2622
114 0 1 0 20.1610 0.0000
114 0 1 0 7.1320 0.0000
114 1 0 0 16.8280 0.3703
114 0 1 0 6.7880 0.0000
114 1 0 0 17.4110 0.3579
254 0 1 0 8.3430 0.0000
254 1 0 0 32.1250 0.1819
254 1 0 0 23.8780 0.2447
250 0 1 0 11.5580 0.0000
250 0 1 0 13.4720 0.0000
250 0 1 0 12.4020 0.0000
250 0 1 0 26.9570 0.0000
250 0 1 0 28.6680 0.0000
250 0 1 0 12.9080 0.0000
250 1 0 0 19.3240 0.2721
254 0 1 0 8.1340 0.0000
254 1 0 0 26.2570 0.2225
254 1 0 0 21.6380 0.2701
250 1 0 0 19.3630 0.2716
114 1 0 0 16.8750 0.3693
282 0 1 0 7.5340 0.0000
282 1 0 0 25.4750 0.2397
250 1 0 0 23.7450 0.2215
163 1 0 0 18.5660 0.3108
163 1 0 0 14.7450 0.3914
114 1 0 0 16.8520 0.3698
214 1 0 0 19.0930 0.3119
214 0 1 0 14.7320 0.0000
214 1 0 0 19.1030 0.3117
254 1 0 0 15.0830 0.3874
58 0 1 0 13.0230 0.0000
58 0 1 0 13.3870 0.0000
58 0 1 0 9.8250 0.0000
58 1 0 0 20.7850 0.3163
58 0 1 0 10.3140 0.0000
58 0 1 0 10.5760 0.0000
114 0 1 0 21.1330 0.0000
114 1 0 0 19.0980 0.3263
250 1 0 0 24.3830 0.2157
250 1 0 0 19.7480 0.2663
250 0 1 0 6.7500 0.0000
250 0 1 0 3.7740 0.0000
250 0 1 0 16.3750 0.0000
250 1 0 0 19.2340 0.2734
250 0 1 0 9.8130 0.0000
214 1 0 0 20.0370 0.2972
58 0 1 0 16.7580 0.0000
58 0 1 0 13.2690 0.0000
58 0 1 0 16.7080 0.0000
58 0 1 0 15.9500 0.0000
58 0 1 0 12.5380 0.0000
58 0 1 0 13.3030 0.0000
58 0 1 0 22.2970 0.0000
58 0 1 0 28.7470 0.0000
58 0 1 0 9.1080 0.0000
58 0 1 0 23.0330 0.0000
58 0 1 0 25.1460 0.0000
58 1 0 0 30.6250 0.2147
58 0 1 0 26.9070 0.0000
58 0 1 0 9.5660 0.0000
58 0 1 0 15.8400 0.0000
58 0 1 0 21.8560 0.0000
58 0 1 0 20.5490 0.0000
58 0 1 0 28.1510 0.0000
58 0 1 0 11.4280 0.0000
58 0 1 0 29.5270 0.0000
58 0 1 0 11.4160 0.0000
58 1 0 0 37.2140 0.1767
58 1 0 0 85.0710 0.1250
58 0 1 0 39.4690 0.0000
58 0 1 0 10.1750 0.0000
58 1 0 0 66.2380 0.1250
58 0 1 0 17.4610 0.0000
58 0 1 0 23.1580 0.0000
58 0 1 0 62.9200 0.0000
58 0 1 0 14.2590 0.0000
58 0 1 0 17.9210 0.0000
58 0 1 0 16.2560 0.0000
58 0 1 0 16.0000 0.0000
58 0 1 0 28.5330 0.0000
58 1 0 0 46.7470 0.1406
58 0 1 0 14.8700 0.0000
58 1 0 0 42.9090 0.1532
58 0 1 0 10.5100 0.0000
58 0 1 0 31.3060 0.0000
58 1 0 0 31.9420 0.2058
58 0 1 0 32.8390 0.0000
58 1 0 0 33.9780 0.1935
58 1 0 0 34.4830 0.1907
58 0 1 0 16.5370 0.0000
58 0 1 0 3.0890 0.0000
58 1 0 0 38.2460 0.1719
58 1 0 0 28.8370 0.2280
250 1 0 0 19.8830 0.2645
214 1 0 0 21.1060 0.2821
114 0 1 0 7.4830 0.0000
114 0 1 0 7.2550 0.0000
114 1 0 0 18.7030 0.3332
168 1 0 0 17.2040 0.3399
163 1 0 0 16.8980 0.3415
282 0 1 0 11.6800 0.0000
282 1 0 0 26.1520 0.2335
282 0 1 0 11.6580 0.0000
282 1 0 0 27.5460 0.2217
282 0 1 0 11.9930 0.0000
282 0 1 0 12.9090 0.0000
282 0 1 0 13.3490 0.0000
282 1 0 0 29.4480 0.2074
282 1 0 0 27.9170 0.2187
282 0 1 0 12.7120 0.0000
282 0 1 0 11.8400 0.0000
282 0 1 0 11.6100 0.0000
58 0 1 0 19.0020 0.0000
58 0 1 0 15.0410 0.0000
58 1 0 0 35.4900 0.1853
58 0 1 0 25.8950 0.0000
58 1 0 0 43.0380 0.1528
58 1 0 0 41.4250 0.1587
58 1 0 0 34.2480 0.1920
58 0 1 0 25.3840 0.0000
58 1 0 0 38.3060 0.1716
58 0 1 0 17.7030 0.0000
58 1 0 0 46.0110 0.1429
58 1 0 0 43.6570 0.1506
282 1 0 0 32.3180 0.1889
282 0 1 0 8.4520 0.0000
282 1 0 0 29.2320 0.2089
114 1 0 0 22.3030 0.2794
254 1 0 0 20.1280 0.2903
259 1 0 0 16.8500 0.3294
48 1 0 0 16.8000 0.3345
85 1 0 0 22.4740 0.2417
176 1 0 0 22.8230 0.2384
214 0 1 0 9.9420 0.0000
214 1 0 0 23.8780 0.2494
241 1 0 0 23.2520 0.2424
58 0 1 0 33.3960 0.0000
58 0 1 0 18.7490 0.0000
58 1 0 0 30.2120 0.2176
58 0 1 0 27.8160 0.0000
58 1 0 0 42.9320 0.1531
58 1 0 0 32.3090 0.2035
58 0 1 0 11.3730 0.0000
58 1 0 0 43.1140 0.1525
58 1 0 0 33.2630 0.1977
114 0 1 0 7.2340 0.0000
114 1 0 0 17.5940 0.3542
114 0 1 0 4.9990 0.0000
114 1 0 0 17.2520 0.3612
114 0 1 0 7.0380 0.0000
114 0 1 0 5.0210 0.0000
114 1 0 0 21.9540 0.2839
58 1 0 0 37.8750 0.1736
282 0 1 0 21.0990 0.0000
282 0 1 0 16.5690 0.0000
282 0 1 0 10.0530 0.0000
282 0 1 0 9.8210 0.0000
282 1 0 0 23.4390 0.2605
282 0 1 0 8.8600 0.0000
282 0 1 0 12.1140 0.0000
282 0 1 0 11.9260 0.0000
282 1 0 0 32.0130 0.1907
114 0 1 0 31.5960 0.0000
114 1 0 0 25.3900 0.2455
282 0 1 0 70.5980 0.0000
282 1 0 0 30.8760 0.1978
282 1 0 0 33.1480 0.1842
282 1 0 0 29.2080 0.2091
250 1 0 0 21.4700 0.2449
254 1 0 0 20.1140 0.2905
259 1 0 0 16.5400 0.3356
163 0 1 0 14.0940 0.0000
58 1 0 0 56.9830 0.1250
58 1 0 0 50.3320 0.1306
58 1 0 0 35.0470 0.1876
114 0 1 0 13.6650 0.0000
114 0 1 0 32.8610 0.0000
114 0 1 0 8.2390 0.0000
114 1 0 0 42.2760 0.1474
114 1 0 0 30.1930 0.2064
114 0 1 0 20.4520 0.0000
114 1 0 0 25.1280 0.2480
114 1 0 0 22.2530 0.2801
282 0 1 0 12.3470 0.0000
282 1 0 0 30.2430 0.2019
282 1 0 0 29.6540 0.2059
48 1 0 0 18.5810 0.3025
250 0 1 0 12.8570 0.0000
250 1 0 0 25.2140 0.2086
0 1 0 0 16.4420 0.4133
58 1 0 0 50.5860 0.1300
114 0 1 0 17.8200 0.0000
114 1 0 0 24.7210 0.2521
48 1 0 0 18.9420 0.2967
48 1 0 0 17.4930 0.3213
48 1 0 0 16.3710 0.3433
48 1 0 0 17.8470 0.3149
114 1 0 0 22.7970 0.2734
114 1 0 0 27.3530 0.2278
48 1 0 0 13.2740 0.4234
48 1 0 0 14.4690 0.3884
48 1 0 0 14.6520 0.3836
250 0 1 0 14.2220 0.0000
250 0 1 0 12.6480 0.0000
250 0 1 0 12.5780 0.0000
250 0 1 0 10.5390 0.0000
250 0 1 0 14.3200 0.0000
250 1 0 0 18.6580 0.2819
250 0 1 0 10.9250 0.0000
250 0 1 0 14.4420 0.0000
250 1 0 0 20.4180 0.2576
48 1 0 0 15.6780 0.3585
58 1 0 0 29.3110 0.2243
250 0 1 0 10.0320 0.0000
250 1 0 0 20.1240 0.2613
250 1 0 0 21.0430 0.2499
250 0 1 0 13.3770 0.0000
250 1 0 0 18.2710 0.2878
0 1 0 0 15.0260 0.4523
0 1 0 0 18.2600 0.3722
0 1 0 0 15.3280 0.4434
0 1 0 0 12.2610 0.5000
0 1 0 0 12.3380 0.5000
0 1 0 0 12.2460 0.5000
0 1 0 0 12.3540 0.5000
1 1 0 0 12.0420 0.5000
0 1 0 0 12.2720 0.5000
0 1 0 0 12.3640 0.5000
0 1 0 0 12.3480 0.5000
0 1 0 0 12.3020 0.5000
1 1 0 0 12.0760 0.5000
0 1 0 0 12.2420 0.5000
0 1 0 0 12.2750 0.5000
0 1 0 0 12.3180 0.5000
0 1 0 0 12.2780 0.5000
0 1 0 0 12.2850 0.5000
1 1 0 0 12.1030 0.5000
0 1 0 0 12.2480 0.5000
1 1 0 0 12.0840 0.5000
2 1 0 0 11.7960 0.5000
3 1 0 0 11.7930 0.5000
4 1 0 0 12.2940 0.4851
0 1 0 0 12.2320 0.5000
1 1 0 0 12.1050 0.5000
2 1 0 0 11.7970 0.5000
3 1 0 0 11.8090 0.5000
4 1 0 0 12.3090 0.4845
5 1 0 0 11.8620 0.4999
6 1 0 0 12.0000 0.5000
7 1 0 0 11.9750 0.5000
0 1 0 0 12.2680 0.5000
1 1 0 0 12.1130 0.5000
2 1 0 0 11.8370 0.5000
3 1 0 0 11.7900 0.5000
4 1 0 0 12.3030 0.4848
5 1 0 0 11.8370 0.5000
6 1 0 0 12.0040 0.5000
7 1 0 0 11.9690 0.5000
8 1 0 0 12.0750 0.4655
9 1 0 0 11.8340 0.4902
10 1 0 0 11.8480 0.4691
11 1 0 0 11.9150 0.4919
12 1 0 0 12.5310 0.4683
13 1 0 0 11.8030 0.5000
14 1 0 0 12.1350 0.4977
15 1 0 0 12.0260 0.4799
16 1 0 0 12.4560 0.4748
17 1 0 0 12.2920 0.4507
18 1 0 0 11.9230 0.4864
19 1 0 0 12.6020 0.5000
20 1 0 0 11.8890 0.4722
21 1 0 0 11.9710 0.4788
22 1 0 0 11.9790 0.4893
23 1 0 0 11.9130 0.4846
24 1 0 0 12.2670 0.5000
25 1 0 0 11.8590 0.5000
26 1 0 0 11.9240 0.4791
27 1 0 0 11.9010 0.4876
28 1 0 0 11.9030 0.4593
29 1 0 0 12.0200 0.4855
30 1 0 0 12.6880 0.4668
31 1 0 0 12.0660 0.4533
32 1 0 0 11.8060 0.4813
33 1 0 0 13.0640 0.4786
34 1 0 0 11.9610 0.4585
35 1 0 0 11.8360 0.4669
36 1 0 0 11.8310 0.4451
37 1 0 0 12.1990 0.4661
38 1 0 0 12.0840 0.4910
39 1 0 0 11.8000 0.4701
40 1 0 0 11.8220 0.4611
41 1 0 0 11.8140 0.4603
42 1 0 0 11.8720 0.4778
43 1 0 0 12.1240 0.4614
44 1 0 0 12.0330 0.4996
45 1 0 0 12.4670 0.4770
46 1 0 0 12.0020 0.4433
47 1 0 0 11.9730 0.4437
48 1 0 0 12.1640 0.4620
49 1 0 0 12.0020 0.4842
50 1 0 0 11.8970 0.5000
51 1 0 0 11.9990 0.4579
52 1 0 0 12.1910 0.4389
53 1 0 0 12.1120 0.4437
54 1 0 0 11.8370 0.4713
55 1 0 0 11.9690 0.5000
56 1 0 0 12.0290 0.4367
57 1 0 0 12.1810 0.4426
58 0 1 0 7.1500 0.0000
59 1 0 0 12.0370 0.4752
60 1 0 0 11.8700 0.4607
61 1 0 0 11.7780 0.4610
62 1 0 0 12.2420 0.4813
63 1 0 0 11.9700 0.4474
64 1 0 0 12.5100 0.4413
65 1 0 0 11.9400 0.5000
66 1 0 0 11.9840 0.4454
67 1 0 0 11.8720 0.4417
68 1 0 0 11.8450 0.4955
69 1 0 0 11.9720 0.4768
70 1 0 0 12.1000 0.4485
71 1 0 0 11.7690 0.4540
72 1 0 0 11.8280 0.4447
73 1 0 0 11.9840 0.4783
74 1 0 0 11.9930 0.5000
75 1 0 0 11.8000 0.4519
76 1 0 0 12.2470 0.4383
77 1 0 0 11.8990 0.4490
78 1 0 0 12.3860 0.5000
79 1 0 0 11.8810 0.4523
80 1 0 0 12.4380 0.4475
81 1 0 0 11.9370 0.4389
82 1 0 0 12.2390 0.5000
83 1 0 0 12.0260 0.5000
84 1 0 0 11.8710 0.4550
85 0 1 0 6.4040 0.0000
86 1 0 0 12.1200 0.4465
87 1 0 0 11.8840 0.4678
88 1 0 0 11.9680 0.4400
89 1 0 0 11.9190 0.4713
90 1 0 0 12.8320 0.4331
91 1 0 0 11.9550 0.4789
92 1 0 0 11.9800 0.4337
90 1 0 0 11.9510 0.4651
91 1 0 0 12.6800 0.4515
92 1 0 0 11.8490 0.4385
93 1 0 0 11.8780 0.4501
94 1 0 0 11.8570 0.4239
95 1 0 0 11.8700 0.4391
96 1 0 0 12.0750 0.4573
97 1 0 0 11.9130 0.4441
98 1 0 0 11.8590 0.4546
99 1 0 0 12.7670 0.4407
100 1 0 0 12.2560 0.4400
101 1 0 0 11.9150 0.4240
102 1 0 0 12.5660 0.4228
103 1 0 0 12.5280 0.4438
104 1 0 0 11.9860 0.4713
105 1 0 0 12.4180 0.4458
106 1 0 0 12.4640 0.4518
107 1 0 0 12.3700 0.4798
108 1 0 0 11.9810 0.4450
109 1 0 0 11.8630 0.4726
110 1 0 0 12.1520 0.4790
111 1 0 0 14.8620 0.4509
112 1 0 0 11.9480 0.4998
113 1 0 0 12.3320 0.4620
114 1 0 0 17.7790 0.3505
115 1 0 0 12.0270 0.4597
116 1 0 0 11.9070 0.4412
117 1 0 0 12.8910 0.4651
118 1 0 0 12.2260 0.4699
119 1 0 0 12.2020 0.4972
120 1 0 0 12.5830 0.4549
121 1 0 0 12.6170 0.4599
122 1 0 0 11.8640 0.4838
123 1 0 0 12.5040 0.4543
124 1 0 0 12.2040 0.5000
125 1 0 0 11.9190 0.4633
126 1 0 0 12.6020 0.4378
127 1 0 0 12.6990 0.4514
128 1 0 0 11.8470 0.4684
129 1 0 0 12.3020 0.4708
130 1 0 0 11.8730 0.4697
131 1 0 0 11.9370 0.5000
132 1 0 0 12.8270 0.4235
133 1 0 0 11.8960 0.4531
134 1 0 0 12.0660 0.4478
135 1 0 0 12.0880 0.4425
136 1 0 0 12.1260 0.4550
137 1 0 0 12.5020 0.4413
138 1 0 0 13.0470 0.5000
139 1 0 0 11.8050 0.4349
140 1 0 0 12.4740 0.4356
141 1 0 0 11.8080 0.4749
142 1 0 0 11.9460 0.4641
143 0 1 0 11.3920 0.0000
144 1 0 0 12.1350 0.4529
145 1 0 0 11.8930 0.4579
146 1 0 0 12.4310 0.4632
147 1 0 0 11.8700 0.4686
148 1 0 0 12.0810 0.4556
149 1 0 0 11.9930 0.5000
150 0 1 0 8.4180 0.0000
151 1 0 0 12.1270 0.4533
152 1 0 0 12.4030 0.4565
153 1 0 0 15.1520 0.3841
154 1 0 0 11.9010 0.4468
155 1 0 0 11.9980 0.4482
156 1 0 0 11.9150 0.4387
157 1 0 0 12.1330 0.5000
158 1 0 0 12.1490 0.4501
159 1 0 0 11.8000 0.4778
160 1 0 0 11.8490 0.4752
161 1 0 0 12.0110 0.4548
162 1 0 0 12.0070 0.4514
163 0 1 0 7.0180 0.0000
164 1 0 0 11.9230 0.5000
165 1 0 0 12.1850 0.4484
166 1 0 0 11.9840 0.4307
167 1 0 0 17.2590 0.3535
168 1 0 0 12.4680 0.4690
169 1 0 0 11.9100 0.4606
170 1 0 0 11.8900 0.5000
171 1 0 0 12.5750 0.4505
172 1 0 0 11.9410 0.4484
173 1 0 0 11.9730 0.4359
174 1 0 0 11.9980 0.4458
175 1 0 0 12.5220 0.4622
176 1 0 0 18.9510 0.2871
177 1 0 0 12.0390 0.5000
178 1 0 0 12.0970 0.4497
179 1 0 0 12.1350 0.4462
180 1 0 0 12.4440 0.4564
181 1 0 0 12.1200 0.5000
182 1 0 0 12.4910 0.4325
183 1 0 0 11.9310 0.4578
184 1 0 0 12.2370 0.4983
185 1 0 0 12.2840 0.4539
186 1 0 0 12.2220 0.4856
187 1 0 0 11.9610 0.4574
188 1 0 0 12.4850 0.4466
189 1 0 0 11.9270 0.4558
190 1 0 0 12.1010 0.4530
191 1 0 0 12.0220 0.5000
192 1 0 0 12.2310 0.4543
193 1 0 0 12.2810 0.4421
194 1 0 0 12.4680 0.4405
195 1 0 0 12.3770 0.4433
196 1 0 0 11.9150 0.4476
197 1 0 0 16.2810 0.3342
198 1 0 0 11.9250 0.4739
199 1 0 0 12.2580 0.4871
200 1 0 0 11.8280 0.4515
201 1 0 0 12.4790 0.5000
202 1 0 0 11.8700 0.4397
203 1 0 0 12.2090 0.4624
204 1 0 0 12.4510 0.5000
205 1 0 0 12.1390 0.4570
206 1 0 0 12.0080 0.4786
207 1 0 0 15.7700 0.3492
208 1 0 0 11.8880 0.4956
209 1 0 0 12.4800 0.4610
210 1 0 0 12.0800 0.4366
211 1 0 0 11.9800 0.4377
212 1 0 0 11.8770 0.4669
213 1 0 0 11.9800 0.4410
214 1 0 0 13.1710 0.4521
215 1 0 0 12.3530 0.4497
216 0 1 0 5.3160 0.0000
217 1 0 0 13.5410 0.4080
218 1 0 0 11.8220 0.4727
219 1 0 0 15.9030 0.3846
220 1 0 0 12.9250 0.4373
221 1 0 0 11.9460 0.5000
222 1 0 0 12.2730 0.4508
223 1 0 0 12.2850 0.4400
224 1 0 0 12.7450 0.4296
225 1 0 0 12.0010 0.4498
226 1 0 0 12.0880 0.4494
227 1 0 0 12.0550 0.4458
228 1 0 0 12.2290 0.5000
229 1 0 0 12.0640 0.4397
230 1 0 0 12.3630 0.4554
231 0 1 0 10.4320 0.0000
232 1 0 0 12.3020 0.4974
233 1 0 0 11.8770 0.4839
234 1 0 0 12.0920 0.4445
235 1 0 0 12.3910 0.4493
236 1 0 0 12.2440 0.4411
237 1 0 0 12.0160 0.4731
238 1 0 0 14.2880 0.4046
239 1 0 0 12.4240 0.5000
240 1 0 0 12.1540 0.5000
241 1 0 0 12.6880 0.4442
242 1 0 0 12.4280 0.4400
243 1 0 0 14.8960 0.4610
244 1 0 0 12.0250 0.4481
245 1 0 0 13.3710 0.4177
246 1 0 0 12.2050 0.4474
247 1 0 0 12.0280 0.4996
248 1 0 0 12.1870 0.4538
249 1 0 0 12.2170 0.4625
250 1 0 0 11.9630 0.4396
251 1 0 0 11.8470 0.4567
252 1 0 0 11.8720 0.4331
253 1 0 0 12.0160 0.4410
254 1 0 0 25.4760 0.2294
255 1 0 0 12.3020 0.4670
256 1 0 0 12.0720 0.4400
257 1 0 0 11.8920 0.5000
258 1 0 0 11.8990 0.5000
259 1 0 0 12.4810 0.4447
260 1 0 0 13.0510 0.4391
261 1 0 0 11.9340 0.4412
262 1 0 0 12.3180 0.4465
263 1 0 0 11.9880 0.4682
264 1 0 0 13.4620 0.4437
265 1 0 0 13.7680 0.4575
266 1 0 0 12.2640 0.5000
267 1 0 0 12.5350 0.4358
268 1 0 0 12.1970 0.4510
269 1 0 0 11.9800 0.4926
270 1 0 0 17.7130 0.3305
271 1 0 0 16.3100 0.3480
272 1 0 0 12.5970 0.4288
273 1 0 0 13.1430 0.4494
274 1 0 0 11.9170 0.4784
275 1 0 0 20.4320 0.2678
276 1 0 0 12.5770 0.5000
277 1 0 0 12.3520 0.4424
278 1 0 0 12.7070 0.4353
279 1 0 0 12.1220 0.5000
280 1 0 0 12.5060 0.5000
281 1 0 0 13.3400 0.4686
282 0 1 0 7.7620 0.0000
283 0 1 0 11.3610 0.0000
284 0 1 0 14.9790 0.0000
285 1 0 0 12.5890 0.4432
286 1 0 0 12.4080 0.5000
287 1 0 0 12.7040 0.5000
288 1 0 0 13.0780 0.4774
289 1 0 0 13.6040 0.4551
290 1 0 0 12.2410 0.4727
291 1 0 0 12.0190 0.5000
292 1 0 0 12.3960 0.4818
293 1 0 0 12.3260 0.4608
294 1 0 0 13.1720 0.4453
295 1 0 0 12.5750 0.4455
296 1 0 0 12.3770 0.4572
297 1 0 0 12.6760 0.4812
298 1 0 0 12.8260 0.4472
299 0 1 0 5.4780 0.0000
0 1 0 0 12.2730 0.5000
0 1 0 0 12.3810 0.5000
0 1 0 0 12.3040 0.5000
0 1 0 0 12.2620 0.5000
0 1 0 0 12.3860 0.5000
0 1 0 0 12.7610 0.5000
0 1 0 0 12.3650 0.5000
0 1 0 0 12.5520 0.5000
0 1 0 0 12.3580 0.5000
0 1 0 0 12.2560 0.5000
0 1 0 0 12.2710 0.5000
0 1 0 0 12.2730 0.5000
0 1 0 0 12.3000 0.5000
0 1 0 0 12.2990 0.5000
0 1 0 0 12.2870 0.5000
0 1 0 0 12.2190 0.5000
0 1 0 0 12.2800 0.5000
0 1 0 0 12.2790 0.5000
0 1 0 0 12.2750 0.5000
0 1 0 0 12.3160 0.5000
0 1 0 0 12.3370 0.5000
0 1 0 0 12.3320 0.5000
1 1 0 0 12.1380 0.5000
